7898604435099
7898604433415
7898604433361
7898604435129
7898604433408
7898604433408
7898604433163
7898604432999
7898604432999
7898604432777
7898604432654
7898604432654
7898604432678
7898604433101
7898604433101
7896048915061
7896048917973
7898363314888
7896588953905
7896588953905
7896588947232
7896588959518
7896588947256
7896588953905
7898363314598
7898363314796
7896048917515
7896048917539
7896048915207
7896048915801
7908248300445
7896181212010
7896048911285
7896048914163
7896181299080
7896181299974
7896181212492
7896181212546
7896181216650
7896588953868
7896588953806
7896588953868
7896588947409
7896588947201
7896588953929
7896588953929
7896588953929
7896588953929
7896588953790
7896588953882
7896588953882
7896588953912
7896588952199
7896588952199
7896588952199
7897348205135
7897348205746
7897348203964
7897348203964
7897348203940
7897348201274
7896029006672
7896029009758
7897348205579
7897348203827
7897348203827
7897348203926
7897348203926
7897348205258
7897348205258
7897348205258
7897348205258
7897348205258
7897348205258
7897348205258
7897348205258
7897348205258
7897348205258
7897348205258
7897348205258
7897348205258
7897348205258
7897348203797
7897348203797
7897348204121
7897348204121
7898626400532
7898626400532
7898626400532
7898626400549
7896048911858
7896048918000
7896048914071
7896048914071
7896048916891
7898363315212
7898363315199
7898363315199
7898363314307
7898626401461
7898626401461
7898682042936
7898682042936
7898682042936
7898682042943
7898682042943
7898682042943
7896447104561
7896447104561
7896447104561
7891000005644
7896447106336
7896009765018
7896588948987
7896009765018
7896009765018
7896009765032
7896009765032
7896009765032
7898952337663
7898952337663
7898950325693
7898950325693
7898950325693
7896780800700
7898074570078
7898074570061
810833005222
7896780810587
7896780810587
7896780810587
7897348207115
7897348203520
7897348203520
7897348203537
7897348203537
7897348203537
7897348205692
7897348205692
7897348205692
7897348205692
7898700290363
7898700290363
7898700290417
8606014102277
8606014102383
8606014102314
8606014102253
7896048915993
7898363313737
7898363313737
7898363313737
7898363313737
7898682042806
7898682042806
7898682042806
7898682042806
7896273808787
7897348202325
52742023786
7896181218388
7896181213154
7896181212836
7896181213024
7896181213031
7896048917614
7898604432838
7908320403170
7898604432302
7898604432876
7898604432876
7898363318350
7898363318350
7898959982293
7898959982286
7898936660886
7898936660732
7896029037386
7896048917010
7896048917027
7896048914132
7896048914132
7896048909985
7897348203438
7897348205869
7897348206279
7897348206279
7896588964154
7896588951987
7896029092477
7896029091944
7898904002106
7898904002106
7898904002878
7898904002878
7898904002878
7898904002878
7898917918777
7898917918777
7898917918777
7898917918777
7908414440968
7908414440968
7908414440968
7908414440968
7898521196011
7896181213567
7897348207320
7908248301015
7897348207320
7897348207320
7897348207313
7908248301152
7896588953523
52742867007
7898231360559
7898231360580
7898512301233
7898932608646
7896544400825
7896544400825
7896544400825
7897432701253
7896183305710
7896183305710
7896183305710
7896183305710
7898682042738
7898682042714
7898682042691
7897744501220
7898285571017
7898285570973
7896183300630
7896183300630
7896183300630
7898917917022
7896908261017
7896908261017
7896908261017
7896908223305
7896908223305
7896908223305
7898175597264
7896484920032
7898464263016
7898464263016
7898464263016
7896359028047
7896359028047
7898464269049
7898464269049
7898464269414
7898464269407
7898363314215
7897348205005
7897348205005
7898604432630
7898604432630