7898626401461
7898626401508
7898626401485
7898626401492
7898626401478
7898626401843
7898626401904
7898626401881
7898626401867
7898950325938
7898950325099
7898950325082
7898950325075
736532671691
736532671714
736532671714
7898682042936
7898682042943
7898626401041
7898626401034
7898626401010
7898626401010
7898626401027
7896447100969
7896447104578
7896447100952
7896447102789
7896447104585
7896447104585
7896447104547
7896447104561
7896447104561
7896780807860
7896780810631
7896780807600
7896588949762
7896588949755
7891000005620
7891000005620
7891000005644
7898626401461
7898626401508
7898626401485
7898626401492
7898626401478
7898626401843
7898626401904
7898626401881
7898626401867
7898950325938
7898950325099
7898950325082
7898950325075
736532671691
736532671714
736532671714
7898682042936
7898682042943
7898626401041
7898626401034
7898626401010
7898626401010
7898626401027
7896447100969
7896447104592
7896447100853
7896447104554
7896447104554
7896447104554
7896447104547
7896447104561
7896447104561
7896780807860
7896780810631
7896780807600
7896588949762
7896588949755
7891000005620
7891000623008
7891000005644
7898626401539
7898626401577
7898626401553
7898626401560
7898626401546
7898626401850
7898626401911
7898626401898
7898626401874
7898950325938
7898950325099
7898950325082
7898950325082
736532671691
736532671660
736532671714
7898682042936
7898682042943
7898626401041
7898626401034
7898626401010
7898626401010
7898626401027
7898959353116
7898959353109
http://www.thefrenchco.com.br
7898959353307
7898959353406
7898959353390
7896588948970
7896588948987
7896009765001
7896009765001
7896009765018
7896447106329
7896447106329
7896447106336
7896447106336
7896447106343
7898626401539
7898626401577
7898626401553
7898626401560
7898626401546
7898626401850
7898626401911
7898626401898
7898626401874
7898950325976
7898950325099
7898950325082
7898950325082
736532671677
736532671660
736532671684
736532671707
7898626400822
7898626400402
7898626400365
7898626400365
7898951147638
7898951147638
7898959353109
7898959353116
7898959353406
7898959353390
7896588948970
7896588948987
7896009765032
7896009765032
7896009765032
7896273808992
7896273808985
7896273808978
7896273808978
7896273806080
7898626401539
7898626401577
7898626401553
7898626401560
7898626401546
7898626401850
7898626401911
7898626401898
7898626401874
7898950325976
7898950325099
7898950325082
7898950325983
736532671677
736532671721
736532671684
736532671707
7898951147584
7898951147522
7898951147522
7898951147621
7898951147621
7898951147621
7898951147614
112599204893921
7898951147515
7898951147591
7898951147539
7898948410363
7896009765032
7896009765032
7896009765018
7896273808992
7896273808985
7896273808978
7896273808503
7896273806165
7898686670302
7898686670302
7898686670296
7898686670333
7898686670333
7898686670319
7898686670326
7898686670326
7898950325068
7898950325068
7898950325082
7898950325983
736532671677
736532671721
736532671684
736532671707
7898951147584
7898951147584
7898951147522
7898951147621
7898951147621
7898951147621
7898951147614
7898951147515
7898951147515
7898951147591
7898951147539
7898948410356
7891000097090
7891000246566
7891000246566
7896273805885
7896273808985
7896273805359
7896273808503
7896273806165
7898686670302
7898686670302
7898686670296
7898686670333
7898686670333
7898686670319
7898686670326
7898686670326
7898950325105
7898950325105
7898950325105
7898950325983
736532671721
736532671721
736532671684
736532671707
7898951147584
7898951147584
7898951147522
7898951147621
7898951147621
7898951147621
7898951147614
7898951147515
7898951147591
7898951147591
7898951147539
www.petdelicia.com.br
7891000097090
7891000097090
7891000246566
7896273805885
7896273808985
7896273805359
7896273808503
7896273806165
7896273806165