7908248301206
7908248301206
7896181216537
7896181216537
7896181213642
7896181213529
7896181213529
7896181213543
7896181218364
7896181215219
7896181216575
7896181298083
7896181213567
7896181213567
7896181216537
7896181216537
7896181213642
7896181213529
7896181213543
7896181213543
7896181218364
7896181218364
7896181216575
7896181216575
7896181213567
7896181213567
7896181216537
7896181216537
7908248301213
7896181298731
7896181213543
7896181215219
7896181215219
7896181215219
7896181298083
7896181213567
7896181213567
7896181216537
7896181213703
7908248301213
7896181213666
7896181216490
7896181216490
7908248301145
7896181218364
7896181215219
7896181213604
7896181213604