7896181212126
7896181212522
7896181212522
7896181212522
7896181215714
7896181215714
7896181216636
7896181216636
7896181215653
7896181216056
7896181216056
7896181215684
7896181215684
7896181212089
7896181299974
7896181297864
7896181218845
7896181218937
7896181218937
7777777777777777777777777777777777777777777896181218951
7896181297789
7896181212126
7896181297789
7896181297994
7896181297925
7896181218937
7896181297857
7896181297925
7896181297895
7896181299981
7896181299080
7896181299080
7896181219156
7896181219156
7896181218968
7908248300704
7896181219095
7896181297857
7896181212492
7896181212492
7896181216797
7896181216797
7896181216797
7896181216797
7896181216797
7896181216797
7896181216797
7896181216797
7896181216797
7896181212140
7896181212140
7896181212546
7896181212546
7896181212140
7896181212140
7896181212454
7896181212454
7896181299998
7896181212102
7896181299998
7896181299998
7896181299998
7896181212102
7896181212102
7896181212102
7896181212102
7896181216650
7896181216650
7896181212102
7896181217350
7896181212515
7896181212515
7896181212515
7896181216810
7896181216810
7777777777777777777777777777777777777777777777777777777777777777777777777777777777777777777777777896181216810
7896181217367
7908248300780
7896181212362
7896181212737
7896181212362
7896181212737
7896181212706
7896181212423
7896181214908
7896181212423
7896181212362
7896181212362
7896181214908
7896181212706
7896181212423
7896181212010
7896181214908
7908248300780
7896181215257
7896181212010
7896181215257
7896181212362
7908248300780
7908248300766
7908248300766
7908248300766
7908248300766
7896181214717
7896181214717
7896181214717
7896181214717
7896181214731
7896181214731
7896181214731
7896181214731
7896181214731
7896181214670
7896181219088
7896181219088
7896181219088
7896181219088
7908248300773
7908248300773
7908248300773
7908248300773
7908248300773
7896181297819
7896181297819
7908248300797
7896181297819
7896181297789
7896181218937
7896181218937
7896181216797
7896181216797
7896181212492
7896181212492
7896181297925
7896181218968
7896181218968
7896181219132
7896181219132
7896181297895
7908248300278
7908248300292
7908248300346
7908248300322
7908248300223
7908248300223
7908248300346
7896181214731
7908248300353
7908248300445
7908248300353
7908248300339
7896181218975
7908248300445
7908248300308
7908248300797
7908248300230
7896181297932
7896181219149
7896181297888
7896181217350
7896181217350
7896181212515
7896181212515