7898604433408
7898363314628
7898363314598
7898363314628
7898363314581
7898686670319
7898626401560
7898626401560
7898626401560
7898626401560
7896048917515
7897348200017
7897348200062
7897348200062
7897348200062
7896181216056
7891000322369
7891000322642
7891000322642
7897348203933
7897348206422
7897348206880
7897348204688
7897348203995
7897348203940
7897348203940
7898948712320
7898948712320
7898686670319
7898686670319
7898686670319
7898686670319
7898686670333
7898686670333
7898686670333
7898686670333
7898948712207
7898948712207
7898626401898
7897348204121
7897348204121
7897348205265
7897348205265
7897348205265
7897348205265
7897348203827
7897348205296
7897348205296
7896048918482
7896048918482
7896048911339
7896048911339
7896048918420
7896048911346
7898936660671
7891000116678
7891000116678
7891000116678
7891000116678
7896048911360
7896048919427
7896048919427
7896048919427
7896048916884
7898363315199
7896181214731
7898363315182
7896048918512
7896048916655
7896048904744
7897348204916