7896181222781
7896181287261
7908248300018
7908248300032
7908248300032
7896181222781
7896181271345
7908248300025
7908248300049
7908248300049
7896181222781
7896181271345
7908248300025
7908248300049
7908248300049
7908248300551
7908248300544
7908248300544
7908248300056
7908248300056
7908248300360
7908248300377
7908248300391
7908248300391
7908248300384
7896181271345
7896181271345
7896181222781
7896181222781
7896181222781
7896181222781
7896181214137
7908248300865
7896181214113
7908248301091
7896181214137
7908248300865
7896181214113
7908248301091
7896181214144
7896181217190
7896181217497
7896181218104
7896181214144
7908248300858
7896181217497
7896181218104
7896181214144
7896181217480
7908248301282
7908248301237