7898363314710
7898363314604
7896181211921
7896181212010
7898363316615
7896181217350
7896181212454
7896181212454
7896181212454
7896181212454
7896181217350
7896181212515
7896181212515
7896181216810
7896181217367
7896588953806
7896588953868
7896588953868
7896588947201
52742036366
52742036434
52742036465
52742036410
52742036434
52742036441
52742036465
7897348201106
7897348201106
7897348203957
7897348202813
7897348202813
7898363315229
7896048919397
7896029071076
7896588964369
7896588964369
7896588964369
7897348205005
7897348205005
7897348204978
7897348204978
7897348204978
7897348204978
7897348204978
7897348204978
7897348205302
7897348205302
7897348205630
7897348205630
7897348205630
7897348205630
7897348205630
7897348205630
7897348205586
7897348205586
7896029009758
7896029009758
7896029009765
7896029075715
7896029075715
7896029006672
7897348207115
7897348203520
7897348203520
7898604432906
7898604433248
7898604432906
7897348203599
7896048915160
7896048915139
7896181213307
52742038254
52742038179
52742038209
52742038148
7897348200185
7896588962976
7896048914125
7896048916792
7898939952148
7898908940978
7896273807711
7896273807711