7897838611231
7898958131470
7898958131470
7898958131395
7898958131715
7898958131715
7898958131456
7898958131463
7898958131746
7898958131746
7897838611248
7898958131401
7897838611316
7897838611316
7897838611316
7897838611217
7897838611217
7897838611217
7891000295830
7897348200512
7896029017654
7896029017654
7897348201564
7896029047385
7896029046562
7896029046562
7891000118085
7898604432890
7908320402975
7898700290370
7897348201700
8606014102413
7891000246405
7891000246405
7897348200475
7897348201700
7897348200758
7897348200451
7891000244746
7891000244746
7891000244760
7891000244760
7891000244760
7891000244135
7891000244135
7896029022252
7896029022252
7896029082034
7898626400532
7898626400532
7898626400532
7898626400549
7898626400549
7898626400549
7896780807624
7896780807624
7896780807624
7896780807624
7896447102543
7896447102543
7896447102543
7896447102543
7896447102543
7896447102543
7896447102543
7896447102581
7896447102581
7896447102598
7896447102598
7896447102598
7896447102598
7896447102598
7896447102598
7896447102598
7896447102598
7896447102598
7896447102598
7896447102512
7896447102512
7896447102512
7896447102512