7898604432715
7898604432777
7898604433149
7898604433149
7898604433477
7898604433477
7898604432654
7898604432654
7898604432654
7898604432654
7898604433361
7898604435099
7898604435099
7898604432715
7898604432715
7898604433088
7898604433088
7898604432999
7898604432999
7898604432999
7898604432999
7898604432654
7898604433415
7898604432739
7898604432739
7898604432739
7898604433132
7898604433163
7898604433163
7898604433385
7898604433385
7898604433408
7898604433545
7898604433545
7898604432739
7898604433132
7898604433132
7898604433101
7898604433101
7898604433019
7898604433019
7898604433019
7898604433019
7898604432708
7898604432708
7898604432708
7898604432708
7898604432982
7898604432982
7898604432982
7898604433354
7898604433354
7898700290363
7898700290363
7898700290363
7898700290363
7898604432852
7898604432913
7898604433224
7898604432913
7898604432883
7898604432166
7898604433286
7898604432234
7898604432210
7898604432821
7898604432821
7898604432883
7898604433255
7898604432159
7898604432159
7898604432197
7898604432180
7898604432203
7898604432838
7898604432838
7898604433231
7898604432364
7898604432357
7898604432357
7898604432869
7898604432869
7898604433231
7898604432340
7898604432326
7898604432289
7898604432890
7898604433262
7898604433200
7898604432302
7898604432289
7891000118085
7898604433279
7898604432876
7898604432845
7898604433248
7898604433248
7898959982309
7898604430971
7898604430988
7898604431060
7898604431091
7898604430971
7898604430988
7898604431053
7898604431091
7898604430971
7898604430988
7898604431022
7898604431114
7898604431251
7898604430933
7898604431022
7898604431114
7898604431251
7898604430933
7898604431015
7898604431015
7898604431183
7898604431183
7898604431145
7898604431213
7898604431213
7898604431213
7898604431190
7898604431138
7898604431138
7898604431152
7898604431176
7898604431190
7898604431138
7898604431152
7898604431176
7898604431190
7908260312501
7908260337283
7908260337283
7898633651422
7908260338303
7908260338303
7908260338303
7908260338297
7908260338297
7908260338297
7908260338310
7908260338310
7908260338310
7898566441510
7908260304810
7908260304810
7908260337283
7908260337306
7908260338358