7897348200925
7891000244722
7891000244135
7896181222781
7891000244746
7891000115633
7891000244135
7896029015001
7896048915986
7896048915979
7896048916471
7891000244135
7898950187130
7898950187130
7898950187147
7898950187147
7898682042783
7898682042783
7898682042783
7898682042783
7898682042783
7898682042783
7898682042769
7898682042769
7898682042769
7898950187154
7898950187154
7898682042776
7898948410219
7898948410219
7898948410264
7898948410264
7898948410127
7898948410127
7896588951611
7896588951611
7896588951611
7896588951611
7896029079560
7896029079560
7896029079560
7896029079560
7896029025963
7896029025963
7896029025963
7896029025963
7897348200536
7896029046562
7898363318343
7898363318343
7898363318343
7896181217213
7896181217213
7891000321706
7898261900015
7897348205548
7897348203421
7891000348215
7897348203728
7897348203728
7897348203483
7897348203445
7897348205548
7896048917010
7896029037386
7898936660763
7898936660732
7898936660732
7898363314505
7896181218609
7897348203438
7896181218609
7898363314512
7899669609098
7899669609098
7898682042752
7898682042752
7898682042752
7898682042752
7898682042752
7898682042752
7898682042752
7898682042752
7897907600326
7897907600326
7897907600326
7897907600326
7897907600326
7897907600326
7897907600326
7898935582110
7898935582110
7896273805786
7896273805786
7896273800033
7896273800033
7896273800033
7898905706300
7898905706300
7898905706300
7897348202332
7891000308257
7891000318904
52742023762
7896181213147
7896181213147
7896181215875
7898604432234
7898604432234
7897348203537
7897348203704
7897348205876
7897348205876
7897348205876
7897348203537
7897348203704
7897348204633
7897348203520
7897348207931
7896048915887
7896048915122
7896048915153
7896048915139
7896048915146
7896048915122
7896048915160
52742038117
7896029041963
7896029041963
7896029041963
7896029041963
7898948712368
7898948712368
7898948712214
7898948712214
7898948712214
7898948712214
7898948712214
7898948712214
7898948712191
7898948712207
7898948712207
7898948712207
7898948712320
7898948712320
7898948712320
7898948712320
7898948712320
7898948712320
7898948712320
7898948712320
7898948712320
7898948712313
7898948712313
7898948712313
7898948712313
7898948712313
7898948712313
7898948712313
7898948712313
7898948712313
7898948712313
7896029043387
7896029043387
7896029043387
7897348200369
7897348200369
7897348207597
7897348207535
7897348207207
7897348207207
7897348207573
7896273808688
7896029041994
7896029041994
7896048915160
7896048915658
7896048915153
7896048915887
7896181213383
7898363315083
7898363315045
7898363315151
7898363315106
7898950187161
7898950187161
7898950187161
7898950187161
7898950187161
7898950187161
7898950187178
7898950187178
7898950187178
7898950187178
7898950187178
7898363314284
7897348204114
7897348203162
7896588950003
7896588950003
7896588950034
7896588950034
7896588956876
7896588955428
7896048911926
7896048915931
7898654270077
7898936660756
7896181218722
7908320403262
7908320403071
7908320403071
7908320403316