7897348207399
7897348207399
7897348206101
7897348206101
7896181212522
7896181215714
7897348200130
7897348200130
7897348200130
7897348200130
7896048915399
7898363314673
7898363314673
7898363314673
7898363314673
7898604432715
7898604432982
7898363314871
7897348206873
7897348203957
7897348202813
7897348201120
7897348203957
7897348205579
7897348205579
7897348205579
7897348205623
7897348205623
7897348205623
7897348205296
7897348205296
7897348203827
7897348203827
7897348203827
7897348205265
7897348205265
7897348205265
7897348205265
7897348205265
77777777777777777777777777777777777777777777896048918505
7896048918505
7896048918505
7896048911346
7896048911346
7896048911346
7896048918529
7896048911360
7896048911360
7896048911360
7896048916938
7896048916938
7896048916907
7896048916907
7898363315472
7898363315472
7898363314499
7898363314499
7898363314499
26851871040
7898682042837
7898682042837
7898682042837
7898952337687
7898952336420
7896273807735
7896273807735
7896273807735
7896273807735
7897348203636
7897348203636
7797453973311
7896029052327
7898141090478
7897348207115
7897348207115
7897348203520
7897348203544
7897348203704
7898948712313
7896273808848
7896273808848
7896273808695
7896273808695
7896273808671
7896273808671
7898950187147
7898950187147
7898948410394
7898948410394
7896029028414
7896029028414
7896029028414
7896029021767
7896029021767
7896029021767
7896029021767
7896029021743
7896029021750
7896029021750
7896029021750
7896029021569
7896029021569
7896029021569
7896029021569
7896029021569
7896029028438
7896029028636
7896029028636
7896029028636
7896029021798
7898959982293
7891000119624
736532671752
736532671752
855958006662
855958006662
7898363314505
7898363314505
7898363314512
7898936660763
7896181218678
7896181218678
7896181218678
7896181218715
7896181218715
7896181218715
7896048919441
7896048906809
7896048906809
7896048906724
7896048906762
7897348203513
7897348203445
7897348204657
7897348204657
7897348204657
7897348203728
7896029092446
7896029092477
7896029092477
7897348205173
7897348205173
7897348207689
7898905706324
7898905706324
7896273805182
7896273805182
7896273808664
7898144560381
7898144560381
7898144560381
7898144560381
7898144560381
7898144560381
7898144560381
7898917917459
7898144560404
7897907600326
7898682042752
7898682042752
7898682042752
7898682042752
7898682042752
7899669609098
7898682041465
7898682041458
7898682041458