7898950325983
7898950325983
7898950325976
26851871088
26851871088
26851871071
26851871071
26851871064
892383002104
892383002203
810833005222
810833005222
810833005345
26851871088
26851871088
26851871071
26851871071
26851871064
892383002005
892383002203
810833005130
8108330050480
7896009765179
7896009765179
7896009765179
7896009765179
26851871064
26851871019
26851871132
26851871132
7896009765186
7896009765186
7896009765186
26851871019
26851871019
26851871019
26851871026
26851871033
26851871033
7896009765186
26851871026
26851871026
26851871026
26851871026
26851871033
26851871033
26851871125
26851871125
26851871002
26851871002
26851871002
892383002197
892383002296
615650300006
810833020065
26851871040
26851871057
26851871040
26851871057
7896009765001
7896009765001
7896009765032
7898932608684
7898932608684
7896370400341
7896370400341
7896591000962
7898932608714
7896370400631
7896370400631
7896370400020
7896370400341
7898932608646
7898932608646
7896370400068
7896370400068
7896591000832
7896591000269
7896591000269
7896591000269
7896591000269
7896591000276
7896591000276
7896591000825
7896591000825
7896591001105
7896591000719
7896591001082
7896591000955
7898904146855
7896370400211
7896591000344
7896591000344
7896591000498
7896591000351
7896370402659
7896370400396
7896370400396
7898512301561
7898512300427
7896370402895
7896591000696
7896591000238
7896370400006
7896370400860
7896591000054
7898268380407
7898268380407
7898268380186
7896370400013
7896370400013
7898268382005
7898268382005
7898268382005
7898268382005
7898268382005
7898268380032
7898268380032
7898268380032
7898268380032
7898659230120
7898659230120
7898268381039
7898234020160
7898234020160
7898234020160
7898234020177
7898234020177
7898234020177
7898234020115
7898234020115
7898234020115
7898234020122
7898234020122
7898234020122
7896370400747
7896370400747
7896370402734
7896370400327
7892058117006