7908248300254
7898604432791
7898363314802
7896048915863
7897348200031
7897348200130
7898626401027
7898626401041
7898626401010
7898626401027
7897348201151
7897348201151
7897348201090
7896029009765
7897348206101
7897348206125
7897348203650
7897348203650
7897348206439
7897348203148
7898363315199
7898363315199
7896048919434
7896048911322
7896048911322
7896048918529
7896048918529
7896048918529
7896048918529
7896048918529
7896048918529
7896048918444
7896048918444
7896048918444
7896048911339
7896048911339
7896048911346
7898936660589
7898936660589
7891000116678
7891000116678
7898936660602
7896029083512
7896029083512
7898936660459
7898936660459
7898936660459
7896588964277
7897348204121
7897348205258
7897348205258
7897348205258
7897348205258
7897348205258
7897348205258
7897348205258
7897348205258
7897348205258
7897348205258
7897348205296
7897348203742
7897348203742
7897348207054
7897348205623
7897348205623
7897348205623
7898952337663
7898396112079
7896273807735
7896588950713
7896273807728
7898951147577
7898626402109
7898626401072
7898626401072
7898626401058
7898626401058
7898626401065
7898626401065
736532671721
736532671721
7896029052365
7896029052365
7898948712375
7898948712375
7896029043271
7896029043271
7896029043394
7896273808695
7896273808695
7897348200413
7897348200413
7897348200413
7897348200475
7898363313744
7898948410172
7898948410172
7898948410172
7896273808770
7896273808770
7896273808763
7896273808763
7896273808787
7891000318904
7896181215516
7896181212553
7897348207849
7898604433286
7898604432227
7896273808817
7896273808800
7896273808800
7896273808794
7896273808794
7896029017647
7896029017647
7896029017647
7896029017647
7896029017647
7896029017661
7896029017630
7896029017630
7896029017678
7896588951987
7897348207726
7898144560251
7898682041458
7898682041458