7896181211945
7896181216926
7897348205166
7897348205722
7897348205722
7897348206491
7897348206491
7898363315182
7896181222781
7896181222781
7896181271345
7896181297789
7896181297925
7896181218937
7896181218937
7896181297994
7896181297994
7896181218951
7896181297925
7896181219132
7896181212126
7896181212492
7897348206484
7897348203933
7897348203933
7897348203933
7897348203933
7897348204503
7897348206897
7896588956852
7896029003473
7896029038314
7896029003473
7896029003473
7897348206873
7897348203957
7897348202813
7897348201120
7897348203957
7897348203957
7898626401546
7898626401553
7898626401577
7898948712115
7896181215868
7896181213024
7896181213024
7896181212829
7896181212829
7896181212553
7896181215547
7896181215547
7896181215516
7896181213062
7896181299004
7896181298960
7896181215752
7896181215752
7896181213024
7896181213277
7896181215783
7896181212553
7896181215516
7896181215516
7896181215516
7896181213147
7896181213062
7896181299004
7908248301374
7896181213031
7896181215875
7896181215769
7896181213253
7896181213284
7896181212836
7896181212560
7896181213215
7896181213154
7896181213079
7896181213420
7896181213406
7896181215769
7896181215769
7896181213253
7896181213284
7896181215790
7896181212560
7896181215554
7896181215523
7896181218388
7896181213406
7908248301381
7896181298991
7908248301107
7896181298991
7896181299059
7908248301114
7896181298977
7896181299042
7896181213383
7896181213383
7896181213086
7896181213086
7908248300926
7908248300926
7908248300902
7908248300926
7908248300902
7908248300919
7908248300926
7908248300902
7908248300919
7908248300902
7896181212584
7908248300902
7896181212584
7896181212584
7908248300919
7896181213383
7896181213383
7896181212584
7908248300919
736532671752
736532671752
736532671752
736532671752
7898959982293
7896181218678
7896181218715
7897348205517
7896029003473
7896048916822
7896048914118
7896048911926
7896048919380
7896048916716
7896048911865
7896048916792
7896048911865
7896048915931
7896048916723
7896048916723
7896048919410
7896048919380
7898936660787
7891000248027
7896029092446
7897348203599
7897348200185
7897348200185
7897348207641
7897348207672
7897348207672
7897348207672
7897348207429
7897348207641
7898905706232
7896273805877896273805878
7898905706331
7897348203544
7897348203520
7897348207115
7897348207115
7896447103540
7898950325068
7898950325068
7898396113113
7898626401546
7898626401546
7898626401560
7898626401560
7898626401553
7898626401553
7898626401577
7898626401577
7898626401539
7898626401539
7898952337656
7898952337960
7898682042837
7898682042837
7898682042660
7898952333030
7898948712429
7898948712429
7898948712115
7898948712115
7896588964277
7896588964277
7896588964277
7891000116579
7891000116579
7891000116579
7896029082287
7896029082287
7896029082287
7896588950072
7896048914071
7896048916938
7896048916938
7898363314499
7898363314284
7897348207078
7897348205647
7897348203926
7897348203797
7897348203797
7897348203797
7897348203797
7898626401546
7898626401546
7898626401546
7898626401898
7898626401065
7898626401065
7898686670326
7898686670333
7898686670319
7898686670319
7898686670319
7898686670326
7898686670326
7898686670333
7898626401072
7898626401072
7898626401072
7898626401898
7898626401898
7898626401898
7898626401072
7898948712214
7898948712214
7898948712191
7898948712191
7898948712191
7898948712191
7898948712191
7897348206002
7896588953646
52742725208
52742615905
7897348204466
7896181215394
7896181215394
7896181215394
7896048915184
7898363314673
7898948410400
7898363313782
8606014102130
8606014102055
8606014102888
7898948410165
8606014102925
8606014102253