7898363314840
7898363314840
7898363314840
7898363314840
7898363314840
7898363314840
7898363314840
7898363314840
7898363314840
7898363314840
7898363314840
7898363314840
7898363314840
7898363314840
7898363314840
7898363314840
7898363314840
7898363314840
7898363314840
7898363314840
7898363314840
7898363314840
7898363314840
7898363314840
7898363314840
7898363314840
7898363314840
7898363314840
7896048917928
7896048917928
7896048917928
7896048917928
7896048917928
7896048917928
7896048917928
7896048917928
7896048917928
7896048917928
7896048917928
7896048917928
7896048917928
7896048917928
7896048917928
7896048917928
7896048917928
7896048917928