7896048917546
7898363314710
7897348206392
7897348206231
7896588963973
7896588963935
7896588963942
7891000321508
7897348204671
7897348202158
7896048904782
7896048904768
7898363315205
7898363315397
7891000247464
7896048914095
7897348203148
7897348203148
7897348206132
7897348204503
7897348206897
7897348206897
7908248300704
7896181297857
7896181297857
7897348203933
7897348203964
7897348203964
7897348206880
7897348206880
7897348206880
7897348206880
7896181214731
7896048915399
7896048915399
7896048915399
7896048915399
7896048915399
7898363314666
7898363314666
7898363314666
7898604433088
7898604433026
7897348200451
7897348200451
7897348200451
7897348200475
7897348200475
7897348200475
7897348201700
7897348201700
7897348201700
7897348200031
7898700290370
7898700290370
7898700290363
7898700290363
7898700290417
7898700290417
7898363314802
7898363314802
7898604432708
7898604433538
7897348200024
7908248300292
7897348206798
7896048911292
7896048918505
7896048919434
7896048911346
7896048914071
7898936660589
7898936660602
7898626400549
7898626400549
7898626400549
7898626400549
7898626400549
7898626400549
7898626400549
7898626400549
7898626400532
7898626400532
7898626400532
7898626400532
7896588964277
7897348203834
7897348203834
7897348203834
7897348203810
7897348203810
7897348203810
7897348203810
https://m.cobasi.com.br/produto-info/3811530?skuid=811530?utm_source=loja190                                                                                           
7897348205296
7897348207078
7897348207962
7897348207962
7897348207054
7896780810594
7896780810259
7896780810259
7896780810259
7899638312813
7899638312813
7898952333726
7898710710158
7898952338134
7896447106343
7898682043315
7898682043315
7898626401553
7898626401577
7898948712368
7898948712368
7898948712368
7897348205708
7897348205715
7898682042769
8606014102260
7898948410172
7898948410172
7898948410349
7897348204305
7897348207658
7897348207658
7898363315113
7898363315052
7898604432227
7896273808794
7896273808800
7896181217213
7898363318367
7898363318350
7898363318350
7896048916969
7896048914132
7896048906762
7896048915955
7898686670357
7897348205524
7897348207108
7897348207108
7897348203490
7891000351024
7891000351024
7891000351024
7897348206286
7898905706287
7896273808664
7896273808664
7896273807711
7896273808244
68328965203
68328020216
68328020223
7898144560084
7898122890707
7896048911926
7896048911926
7896048916839
7896588953677
7896588953677
7896588953684
7898604431022
7896181215219
7896181216452
7897348204411
7898363316523
52742001197
7898363317766
52742624709
7897348204411
7897348204442
7897348204466
7898604431152
7898604431152
7898363316523
7897348206033
7897348207306
7896181213529
7897348204428
7897348204428
52742624709
7897348204442
7897348204442
7897348206033
7897348207337
7897348207306
7897348208181
7896588953622
52742022116
7896181215417
7896181213857
7897348206033
7896588953523
7897348207337
7897348207306
7898363317674
7897348208181
7896181213666
7898363316578
52742869605
7908248301008
52742867908
7898700290417