7896181213567
7896181216537
7896181213567
7896181213703
7896181213529
7896181213543
7896181213604
7896181216575
7896181213604
7898604431251
7897348208129
7897348208129
7897348206033
7897348206033
7897348206033
7897348208181
7897348208181
7897348208181
7897348208181
7897348207337
7897348207283
7897348206002
7897348206002
52742001746
7896181215370
7908248301008
7896181215394
7896181215394
7896588953639
7896588953578
7896588953585
7896588953639
7896588953578
7896048918048
7896048918048
7908248301022
7898604430964
7898604430926
7898604431077
7898604431077
7898604431039
7898604430964
7898604430575
7898604430575
7897348207344
7897348207290
7897348204565
7897348206019
7897348207276
7897348207276
7897348208204
7897348207344
7897348207290
7897348207351
7897348207351
7897348207290
7897348208211
7897348205999
7897348207351
7897348205999
7897348206019
7897348207344
7897348208198
7897348206019
7897348207313
7896181298090
7896181298090
7896181298090
7896181298090
7896181213659
7896181213536
7896181216582
7896181216582
7896181213536
7896181298748
7896181213673
7908248301220
7908248301220
7896181213710
7896181213710
7896181213574
7896181213574
7896181213574
7896181213550
7896181213550
7896181213550
7908248301022
7896181215073
7896181218357
7896181218357
7896181218357
7896181218357
7896181216544
7896181213574
7896181213659
7896181213550
7896181213550
7896181213710
7896181216544
7896181216469
7896181216469
7896181213710
7896181213710