7898074570061
7898074570061
7898074570061
7898074570078
7898074570030
7898074570061
7898074570078
}7898074570030
7898074570061
7898074570061
7898074570054
7898074570054
7898074570061
7898074570054
7898074570054
7898074570061
7898074570085
7898074570092
7898074570092
7898074570108
7898074570108
7898074570115
7898074570115
7898074570092
7898074570092
7898074570085
7896447106343
7896447106336
7896447106336
7896447106329
7896447106329
7896009765018
7896009765001
7896009765001
7896588948987
7896588948970
7898959353390
7898959353406
7898959353307
7898959353437
7898959353109
7898950325082
7898951147515
7898951147515
7898950325976
7898626401874
7898626401898
7898626401911
7898626401850
7898626401546
105795666745710
7898626401553
7898626401577
7898626401539
7896273806165
7896273808503
7896273805359
7896273808985
7896273805885
7891000246566
7891000097090
7891000097090
7898948410370
7898950325099
7898950325082
7898626401461
7896588948925
7896588953837
7896588953882
7896588953882
7897348207566
7896048916488
7896029017586
7898604433101
7898363313737
7898363313744